lr0: 0.00334
lrf: 0.15135
momentum: 0.74832
weight_decay: 0.00025
warmup_epochs: 3.3835
warmup_momentum: 0.59462
warmup_bias_lr: 0.18657
box: 0.02
cls: 0.21638
cls_pw: 0.5
obj: 0.51728
obj_pw: 0.67198
iou_t: 0.2
anchor_t: 3.3744
anchors: 3.412
fl_gamma: 0.0
hsv_h: 0.015
hsv_s: 0.7
hsv_v: 0.4
degrees: 5.0
translate: 0.15
scale: 0.9
shear: 5.0
perspective: 0.001
flipud: 0.5
fliplr: 0.5
mosaic: 1.0
mixup: 0.1
copy_paste: 0.1
